0.60597 -0.176706 -0.04 50009
0.471129 -0.0025098 -0.02 294854
0.483408 1 0 121542
0.541939 0.000235294 -0.02 265628
0.557887 -1.14439 0.02 52062
0.324681 -0.203216 0.04 196725
0.39343 -0.000156863 -0.02 145092
0.382701 -0.170588 0.02 355557
0.301667 0.000235294 -0.02 265628
0.407571 0.99898 -0.02 361685
0.332209 -0.101255 0.02 288254
0.293329 -0.0683922 -0.02 175350
0.34898 0.000627451 -0.04 335069
0.38418 -1.54988 0.02 300200
0.347275 0.993961 0.02 306763
0.315174 1 0 355568
0.304228 1 0 375003
0.317552 0.000392157 -0.02 154053
0.367845 -0.0412549 0.02 11496
0.300946 0.590588 -0.04 87624
0.307343 0.995922 -0.02 30095
0.31272 -0.256392 -0.02 172533
0.301724 0.000627451 -0.04 335069
0.380648 -0.0289412 0.02 379329
0.320028 1 0 120093
0.27965 0.000156863 -0.02 233639
0.365974 1 0 343395
0.307027 1 0 379611
0.280116 1 0 128635
0.306301 -0.000156863 -0.06 3984
0.329675 1 0 80279
0.317481 0.996392 0.02 373306
0.278501 -0.0266667 0.04 286713
0.284528 0.580941 -0.02 85161
0.286883 0.000627451 -0.02 249332
0.308514 -0.0894118 0.06 191797
0.303727 1 0 176777
0.293739 0.996863 -0.02 304787
0.306207 0.000156863 -0.02 233639
0.336181 -0.411686 -0.02 25089
0.304281 -1.6189 -0.02 147208
0.338563 0.945333 -0.02 173453
0.298286 0.000235294 -0.02 265628
0.325623 1 0 31810
0.315973 -0.0713725 0.04 89310
0.2938 1 0 365414
0.282079 1 0 307735
0.274707 0.988471 -0.02 270391
0.266592 -0.0014902 -0.02 238011
0.285954 -0.55349 0.02 267565
0.271338 1 0 3285
0.293518 1 0 374487
0.280342 -0.472549 -0.02 152469
0.304966 -0.000156863 -0.06 3984
0.313524 -2.4669 -0.02 313699
0.295308 -0.962431 0.02 64338
0.283744 0.702431 -0.02 364811
0.298842 -0.000156863 -0.02 145092
0.296141 1 0 382261
0.262128 0.996157 0.02 261551
0.259376 -0.00054902 -0.02 243037
0.313424 0.999373 -0.02 193464
0.278051 0.971373 0.02 329287
0.267807 -0.740863 -0.06 199758
0.25093 0.000156863 -0.02 37737
0.345947 -0.31498 0.06 379977
0.269373 0.988314 -0.02 331043
0.264419 1 0 380159
0.257878 0.00203922 -0.02 54916
0.283358 -0.609333 0 312714
0.274202 0.999059 -0.02 128795
0.252921 1 -0.02 255623
0.272874 -0.922667 0.04 373353
0.306277 0.00258824 -0.02 279493
0.268833 0.999373 0.02 361334
0.274162 0.994353 0.02 372634
0.247615 0.000235294 -0.02 265628
0.310397 -1.19843 0.02 55409
0.29175 0.356941 -0.02 229713
0.262494 0.997333 -0.02 319883
0.24278 0.999373 0.02 369579
0.259553 1 0 1
0.239695 -0.56949 -0.02 123577
0.320471 0.000156863 -0.02 233639
0.300996 1 0 361385
0.258743 -0.595059 -0.02 26810
0.29508 0.996784 -0.02 74746
0.265141 0.000235294 -0.02 265628
0.293367 1 0 32206
0.262674 1 0 246089
0.250426 -3.48769 -0.02 107881
0.254357 0.980784 -0.02 40513
0.274594 0.996863 -0.02 305015
0.266332 0.98 -0.02 346283
0.292897 -0.108 0 312712
0.265738 0.97302 0.02 367456
0.304625 -0.000156863 -0.06 3984
0.322875 -0.00831373 0.02 298781
0.279005 0.914118 -0.02 1325
0.250947 0.982667 0.02 247323
0.296724 -0.0025098 -0.02 294854
0.265195 -0.172 0.04 373361
0.25236 0.606824 -0.02 184549
0.255561 -0.000156863 -0.06 3984
0.328248 1 0 57007
0.283876 -0.0326275 0.02 175541
0.256275 0.99702 -0.02 347556
0.281077 0.472549 -0.04 227447
0.26103 0.869255 0.02 370713
0.259284 -0.000156863 -0.06 3984
0.320663 -0.0664314 0.02 379289
0.275208 -0.105412 -0.02 301830
0.273084 -0.00054902 -0.02 243037
0.2929 -3.47443 -0.02 151704
0.273139 0.997804 0.02 372635
0.280254 -0.854667 0 115481
0.268038 -0.217255 -0.02 12722
0.305152 -0.000156863 -0.02 145092
0.29637 0.975843 0.02 295076
0.308911 0.687451 -0.02 146134
0.29722 0.904314 -0.02 245737
0.290841 0.998588 0.02 78987
0.296896 0.000392157 -0.02 154053
0.372038 -0.308078 0 85501
0.253944 0.567294 -0.02 279643
0.242253 1 0 191355
0.261777 0.999843 -0.02 9175
0.238223 0.957804 -0.02 225767
0.247878 0.993647 -0.02 211601
0.268392 0.000235294 -0.02 265628
0.304206 -0.124314 0.04 355569
0.254762 1 0 104459
0.259348 1 0 305585
0.259144 0.921333 -0.02 60915
0.269764 -0.0133333 -0.04 6419
0.254942 -1.29678 0.02 95467
0.244958 0.999216 0.02 316795
0.23925 -0.000156863 -0.06 3984
0.289199 -3.59129 -0.06 75649
0.273687 -0.906118 0.02 311952
0.257274 0.931843 -0.02 331419
0.26672 0.427608 -0.02 25661
0.24952 1 0 183331
0.267069 0.934039 -0.02 30215
0.251218 0.992392 0.02 354319
0.294988 0.000627451 -0.04 335069
0.338471 -2.46965 -0.02 25814
0.27054 0.997647 -0.02 381632
0.265213 -1.43733 -0.02 168996
0.337446 0.480392 0.02 64852
0.286826 -0.000156863 -0.06 3984
0.321359 -0.221804 0 10616
0.250569 1 0 106647
0.24465 -0.121255 0.02 298750
0.246096 0.000235294 -0.02 265628
0.297352 0.384078 -0.02 159397
0.255773 0.993098 0.02 372470
0.242577 0.915765 0.02 28392
0.268114 0.000627451 -0.04 335069
0.27972 -0.219765 0.04 373225
0.269002 0.932627 -0.06 315201
0.243271 1 -0.02 84023
0.255282 -0.032 -0.02 175262
0.243255 -0.453569 0 264790
0.268887 1 0 97902
0.264404 -0.0025098 -0.02 294854
0.288766 -1.56941 -0.04 215466
0.248066 -0.0266667 0.04 286713
0.260285 0.983373 -0.02 346233
0.262806 0.219059 -0.02 308712
0.271085 -0.000156863 -0.06 3984
0.342374 -0.228078 0.04 98277
0.273421 1 0 354531
0.287596 -0.0494902 -0.02 326116
0.263729 1 0 191444
0.342635 0.000156863 -0.02 233639
0.304341 1 -0.02 342172
0.306147 0.956941 0.02 271657
0.284724 0.995137 0.02 348299
0.258075 -7.49035 -0.04 272668
0.273126 0.99451 0.02 328028
0.24044 0.955059 -0.02 30375
0.263448 0.000235294 -0.02 265628
0.310053 -0.105412 -0.02 301830
0.27293 -0.0454118 0.02 374245
0.267923 -0.891373 0.02 296378
0.275184 -0.50251 -0.04 178827
0.268725 0.771608 0 291639
0.263441 0.974118 -0.02 128835
0.258754 0.000235294 -0.04 182777
0.327195 -3.48769 -0.02 107881
0.272177 -0.182745 0.02 152197
0.271769 0.110118 -0.02 258942
0.282222 1 0 377477
0.243878 -0.217569 -0.02 216276
0.268955 -0.0683922 -0.02 175350
0.252877 0.000235294 -0.02 265628
0.301103 0.952627 0.02 32465
0.283111 0.989725 0.02 355716
0.261497 0.761412 -0.02 331501
0.269804 -0.00721569 -0.02 229924
0.252459 1 0 381670
0.239585 1 0 150263
0.262205 1 0 142534
0.233875 -1.31686 -0.02 110999
0.233026 1 0 130005
0.281239 -0.000156863 -0.06 3984
0.302191 -1.83231 -0.02 1809
0.285325 -1.0382 -0.02 164972
0.257787 0.177412 0 246948
0.22636 0.000627451 -0.04 335069
0.295828 -1.2622 -0.02 76218
0.262023 1 0 191360
0.249265 -0.0266667 0.04 286713
0.274366 0.000156863 -0.02 37737
0.308074 -0.587765 0.02 343257
0.266394 0.906745 -0.02 1249
0.263984 -0.344 0.02 186376
0.253824 0.98949 -0.02 30179
0.247715 -0.149882 0.02 360743
0.250231 0.000156863 -0.02 233639
0.299619 0.859373 -0.02 228240
0.249028 -0.145255 0.02 32655
0.263892 0.99702 -0.02 347556
0.257542 -2.91075 -0.02 313456
0.255557 0.952471 -0.02 324119
0.248128 0.000235294 -0.02 265628
0.296214 -0.0776471 0.02 283726
0.249268 -0.976941 -0.02 141021
0.241316 0.000627451 -0.02 249332
0.26722 -0.502745 0.04 11492
0.297743 1 0 74750
0.246325 0.239294 -0.06 224983
0.247685 0.885961 0.02 294576
0.24808 0.978745 0.02 28506
0.289017 0.0112941 -0.08 365675
0.25847 1 0 126833
0.243087 -0.000156863 -0.02 145092
0.271318 1 0 106287
0.247712 -2.57929 -0.02 145531
0.23376 -0.241961 0.06 380093
0.258938 0.000235294 -0.02 265628
0.287639 -3.59129 -0.06 75649
0.266226 1 0 364725
0.248986 0.999373 -0.02 355315
0.259609 0.908157 -0.02 245697
0.257145 0.998667 0.02 317875
0.251876 -0.280392 -0.02 280998
0.278369 1 0 249391
0.256798 -2.65341 0.02 276172
0.252148 0.000392157 -0.02 174524
0.30002 -0.463686 0.06 68886
0.269868 -0.105412 -0.02 301830
0.247095 -1.12565 -0.02 111003
0.276402 0.000156863 -0.02 233639
0.265 -0.0927843 0.06 380045
0.229046 1 -0.02 255427
0.240949 1 0 380511
0.260818 -0.0025098 -0.02 294854
0.288667 -0.738431 -0.02 233358
0.254178 1 0 210748
0.236535 1 0 368430
0.270138 -0.000156863 -0.02 145092
0.281327 1 0 229897
0.242914 1 0 32106
0.252361 0.987922 -0.02 149967
0.263311 -0.000156863 -0.06 3984
0.309562 0.567843 -0.02 146262
0.282715 -0.234824 0.04 196649
0.264398 0.964549 -0.02 335171
0.245403 0.998588 0.02 78987
0.274137 0.000627451 -0.04 335069
0.287586 0.993098 0.02 372470
0.26564 1.3458 -0.02 92605
0.260286 0.97302 0.02 367456
0.241632 0.823137 -0.04 258619
0.282103 -0.115765 -0.02 380861
0.255284 -1.2138 -0.02 148053
0.244259 1 0 29203
0.251648 -1.06502 -0.02 131952
0.255555 1 0 211750
0.250703 -0.000156863 -0.06 3984
0.288588 1 0 190725
0.269716 0.905647 -0.02 222827
0.281313 1 0 380167
0.250101 0.99702 -0.02 347556
0.259166 0.000235294 -0.02 265628
0.299599 0.948078 0.02 149860
0.266923 0.999686 0.02 373087
0.247959 -0.962431 0.02 64338
0.261952 0.998431 -0.02 304703
0.272612 -0.00054902 -0.02 243037
0.314027 -0.379922 -0.04 303547
0.305102 -7.09827 -0.06 96029
0.267715 0.995451 0.02 79336
0.282152 -0.719922 -0.02 102904
0.269865 0.995294 0.02 372540
0.283 0.000235294 -0.02 265628
0.318766 -0.0555294 0.02 64866
0.271635 0.956863 -0.02 229641
0.251165 -0.992863 -0.04 167221
0.258776 0.911451 -0.02 380757
0.283141 -0.000156863 -0.06 3984
0.315922 -0.0101961 0 104653
0.288293 0.983216 0.02 261239
0.258131 0.925804 -0.02 331491
0.242974 1 0 262139
0.245033 -8.188 -0.02 78324
0.251525 0.998118 -0.02 339139
0.266063 -0.128157 -0.02 100299
0.251423 0.996863 0.02 209646
0.251399 1 0 337127
0.25534 1 0 338011
0.27394 0.000392157 -0.02 154053
0.324187 -1.60384 0.02 75194
0.31431 0.759059 -0.02 74782
0.242279 0.999843 0.02 361322
0.274068 0.000235294 -0.02 265628
0.298972 0.994431 -0.02 302911
0.238776 1 0 81219
0.248435 0.997255 -0.02 227788
0.272841 -0.000156863 -0.02 145092
0.290069 -2.15475 0.02 75278
0.253599 0.960784 0.02 368923
0.264468 0.00203922 -0.02 54916
0.31565 -1.70824 -0.04 71037
0.265645 -0.906118 0.02 311952
0.290772 -0.000156863 -0.06 3984
0.278718 -0.325569 0.06 65218
0.256215 0.876235 0.02 34557
0.255471 -0.0025098 -0.02 294854
0.270516 -0.00831373 0.02 298781
0.237112 0.996863 -0.02 305083
0.244356 -0.458902 -0.02 251451
0.240842 0.686667 -0.02 291723
0.235672 1 0 354484
0.230486 -0.0027451 -0.04 13627
0.25967 -0.566824 0.04 373177
0.237579 0.945333 -0.02 173453
0.284343 -0.000156863 -0.06 3984
0.292139 1 0 191444
0.291695 -2.25608 -0.02 169954
0.277528 1 0 27967
0.261122 0.978824 -0.02 270247
0.265399 1 0 317996
0.300383 -2.58141 -0.04 208200
0.247767 1 0 381750
0.240601 0.000627451 -0.02 249332
0.310412 -0.56949 -0.02 123577
0.269799 0.998118 0.02 368537
0.241078 -0.00054902 -0.02 243037
0.304901 -0.182745 0.02 152197
0.248821 0.914118 -0.02 1325
0.221762 0.971373 0.02 329287
0.256792 -0.256392 -0.02 172533
0.272551 -0.333098 -0.02 197047
0.245669 0.529176 -0.02 163749
0.291885 0.000156863 -0.02 37737
0.307995 -0.0555294 0.02 64866
0.260215 -0.159137 0.02 48903
0.233773 0.920314 -0.02 291471
0.240369 0.996392 0.02 373306
0.271097 0.000235294 -0.02 265628
0.29906 1 0 380700
0.268372 -0.280392 -0.02 280998
0.254488 0.921725 -0.02 150259
0.247993 0.936392 0.02 28479
0.244518 1 0 89
0.237769 -0.922667 0.04 373353
0.290074 0.000156863 -0.02 233639
0.297658 -3.31247 -0.02 26886
0.276477 0.234196 -0.02 73838
0.271202 0.988627 0.02 356507
0.255449 0.976 -0.02 149927
0.243406 0.000235294 -0.02 265628
0.280912 1 0 32130
0.279158 0.995137 -0.02 256371
0.272764 -0.892078 0 312880
0.27359 1 0.02 127566
0.257028 1 0 302647
0.256576 -0.217255 -0.02 12722
0.24909 -0.000156863 -0.02 145092
0.293524 -0.124706 0.02 142846
0.25486 0.969961 -0.02 347519
0.241266 1 -0.02 84191
0.270362 0.00203922 -0.02 54916
0.30719 -3.59129 -0.06 75649
0.301651 1 0 305489
0.258929 0.246275 -0.02 302917
0.273868 0.000392157 -0.02 154053
0.331936 -0.922667 0.04 373353
0.275998 0.113569 0.02 235955
0.256741 -1.65953 -0.02 24402
0.243086 -0.015451 0.02 295112
0.282024 0.000235294 -0.02 265628
0.309382 1 0 90084
0.277635 -1.47341 -0.02 151424
0.231984 -1.15114 -0.1 167168
0.242817 0.830667 0.02 295016
0.290311 -0.00054902 -0.02 243037
